Contig_ID	Protein_ID	BGC_File1	BGC_File2	Non_Zero_Count	Protein_Order	Gene_ID
NC_063262.1	XP_002527282.1	0	96	1		
NC_063258.1	XP_025012478.1	14	0	1		
NC_063262.1	XP_015579279.1	36	0	1		
NC_063256.1	XP_002529817.1	4	0	1		
NC_063260.1	XP_015575095.1	24	0	1		
NC_063256.1	XP_002511843.1	0	5	1		
NC_063256.1	XP_048232218.1	5	0	1		
NC_063257.1	XP_048227156.1	12	0	1		
NC_063262.1	XP_048232873.1	34	0	1		
NC_063265.1	XP_002517305.2	46	0	1		
NC_063260.1	XP_002509620.1	0	65	1		
NC_063263.1	XP_002529771.1	0	114	1		
NC_063256.1	XP_048234628.1	0	6	1		
NC_063259.1	XP_015582735.1	17	0	1		
NC_063260.1	XP_025012297.2	23	0	1		
NC_063259.1	XP_002513332.1	21	53	2		
NC_063265.1	XP_015570442.2	0	129	1		
NC_063262.1	XP_002514800.1	0	100	1		
NC_063262.1	XP_002532876.2	33	0	1		
NC_063256.1	XP_002520733.1	3	0	1		
NC_063262.1	XP_002525110.1	0	90	1		
NC_063264.1	XP_002522972.1	44	0	1		
NC_063261.1	XP_048231693.1	0	83	1		
NC_063260.1	XP_015579943.1	0	73	1		
NC_063259.1	XP_002511560.1	0	45	1		
NC_063259.1	XP_002513512.2	0	51	1		
NC_063257.1	XP_002520289.2	8	0	1		
NC_063257.1	XP_015576387.2	11	0	1		
NC_063256.1	XP_048226296.1	5	0	1		
NC_063260.1	XP_048230569.1	0	73	1		
NC_063259.1	XP_048228480.1	19	0	1		
NC_063259.1	XP_048229408.1	17	0	1		
NC_063265.1	XP_015570373.1	0	131	1		
NC_063259.1	XP_048228483.1	19	0	1		
NC_063263.1	XP_048233871.1	0	108	1		
NC_063263.1	XP_048234670.1	0	109	1		
NC_063256.1	XP_002520734.1	3	0	1		
NC_063258.1	XP_015572521.1	14	0	1		
NC_063256.1	XP_048226385.1	0	2	1		
NC_063257.1	XP_002510251.1	0	24	1		
NC_063263.1	XP_002523859.1	0	107	1		
NC_063260.1	XP_002532792.1	25	0	1		
NC_063264.1	XP_015574098.2	43	0	1		
NC_063257.1	XP_002520298.1	8	0	1		
NC_063260.1	XP_002519900.4	24	72	2		
NC_063263.1	XP_002517554.2	0	105	1		
NC_063256.1	XP_048236051.1	2	0	1		
NC_063263.1	XP_048234319.1	38	0	1		
NC_063264.1	XP_002523003.2	44	0	1		
NC_063260.1	XP_002521492.2	26	0	1		
NC_063264.1	XP_025013802.2	45	0	1		
NC_063256.1	XP_002511752.2	0	3	1		
NC_063265.1	XP_048236153.1	0	132	1		
NC_063264.1	XP_048235559.1	44	0	1		
NC_063256.1	XP_015577293.2	5	0	1		
NC_063262.1	XP_048232986.1	36	0	1		
NC_063259.1	XP_002510862.1	0	47	1		
NC_063264.1	XP_002523004.2	44	0	1		
NC_063262.1	XP_002514850.1	0	98	1		
NC_063258.1	XP_002533433.2	13	0	1		
NC_063259.1	XP_015577254.3	16	0	1		
NC_063260.1	XP_048230674.1	25	0	1		
NC_063258.1	XP_015578031.3	0	38	1		
NC_063260.1	XP_015583104.1	25	0	1		
NC_063265.1	XP_002512560.3	0	132	1		
NC_063260.1	XP_048229481.1	25	0	1		
NC_063261.1	XP_048231765.1	31	0	1		
NC_063256.1	XP_048226409.1	5	0	1		
NC_063264.1	XP_015577130.2	44	0	1		
NC_063256.1	XP_002523232.1	5	0	1		
NC_063260.1	XP_025012265.1	23	0	1		
NC_063263.1	XP_002529806.1	40	0	1		
NC_063261.1	XP_048231265.1	31	0	1		
NC_063259.1	XP_015580575.2	18	0	1		
NC_063259.1	NP_001310624.1	21	0	1		
NC_063260.1	XP_048229601.1	0	62	1		
NC_063257.1	XP_048227376.1	11	0	1		
NC_063263.1	XP_002513001.1	39	0	1		
NC_063257.1	XP_015576408.1	11	0	1		
NC_063261.1	XP_015575609.1	29	0	1		
NC_063257.1	NP_001310674.1	10	0	1		
NC_063257.1	XP_002510366.1	0	22	1		
NC_063264.1	XP_025012919.2	43	0	1		
NC_063261.1	XP_048232102.1	31	0	1		
NC_063262.1	XP_048232860.1	33	0	1		
NC_063259.1	XP_048229318.1	20	0	1		
NC_063260.1	XP_002533539.1	0	55	1		
NC_063256.1	XP_002529097.2	0	14	1		
NC_063259.1	XP_048229436.1	17	0	1		
NC_063264.1	XP_002518143.3	43	0	1		
NC_063260.1	XP_015574575.2	0	57	1		
NC_063262.1	XP_002517861.2	0	89	1		
NC_063256.1	XP_048235648.1	5	0	1		
NC_063264.1	XP_048235726.1	0	126	1		
NC_063265.1	XP_015574842.1	47	0	1		
NC_063256.1	XP_015582226.2	2	0	1		
NC_063261.1	XP_002533379.1	27	0	1		
NC_063262.1	XP_002525108.1	0	90	1		
NC_063256.1	XP_015581887.2	5	0	1		
NC_063257.1	XP_025015526.2	0	33	1		
NC_063261.1	XP_025012861.1	0	78	1		
NC_063261.1	XP_048232070.1	31	0	1		
NC_063259.1	XP_048229101.1	0	46	1		
NC_063263.1	XP_025014944.1	0	112	1		
NC_063263.1	XP_015581059.1	0	112	1		
NC_063263.1	XP_048234176.1	38	0	1		
NC_063263.1	XP_015570869.2	39	0	1		
NC_063262.1	XP_015581747.1	0	94	1		
NC_063264.1	XP_002522969.1	44	0	1		
NC_063265.1	XP_048235854.1	47	0	1		
NC_063264.1	XP_002529307.1	42	0	1		
NC_063258.1	XP_015572553.1	15	0	1		
NC_063262.1	XP_048233338.1	35	0	1		
NC_063261.1	XP_048232065.1	31	0	1		
NC_063263.1	XP_002529482.2	0	112	1		
NC_063256.1	XP_048234728.1	5	0	1		
NC_063258.1	XP_002524493.2	0	38	1		
NC_063259.1	XP_048228470.1	19	0	1		
NC_063257.1	XP_002526167.2	10	31	2		
NC_063258.1	XP_048227952.1	14	0	1		
NC_063264.1	XP_048235220.1	42	0	1		
NC_063258.1	XP_048228216.1	15	0	1		
NC_063259.1	XP_015577259.2	16	0	1		
NC_063257.1	XP_015576380.1	11	0	1		
NC_063259.1	XP_048228482.1	19	0	1		
NC_063256.1	XP_015572317.2	0	13	1		
NC_063257.1	XP_015575343.1	9	0	1		
NC_063260.1	XP_015579304.1	25	0	1		
NC_063262.1	XP_048232562.1	0	94	1		
NC_063261.1	XP_002520774.2	0	84	1		
NC_063261.1	XP_048232013.1	28	0	1		
NC_063265.1	XP_048225887.1	46	0	1		
NC_063256.1	XP_048226440.1	5	0	1		
NC_063259.1	XP_002532225.1	17	0	1		
NC_063261.1	XP_002525855.4	31	0	1		
NC_063256.1	XP_002531399.2	2	0	1		
NC_063256.1	XP_002523254.3	5	0	1		
NC_063259.1	XP_015581988.1	19	0	1		
NC_063256.1	XP_048234725.1	5	0	1		
NC_063265.1	XP_002527381.1	0	139	1		
NC_063256.1	XP_048226388.1	0	3	1		
NC_063259.1	XP_025013863.2	16	0	1		
NC_063258.1	XP_048227723.1	0	39	1		
NC_063260.1	XP_025013097.2	0	59	1		
NC_063264.1	XP_015574103.2	43	0	1		
NC_063264.1	XP_015577163.2	44	0	1		
NC_063262.1	XP_015572226.2	37	0	1		
NC_063262.1	XP_048232821.1	36	0	1		
NC_063264.1	XP_048234934.1	44	0	1		
NC_063262.1	XP_002532879.2	33	0	1		
NC_063262.1	XP_025012393.2	0	99	1		
NC_063258.1	XP_048228060.1	13	0	1		
NC_063262.1	XP_002522371.1	0	91	1		
NC_063264.1	XP_048235652.1	44	0	1		
NC_063258.1	XP_002516172.1	0	41	1		
NC_063265.1	XP_015580489.2	48	0	1		
NC_063256.1	XP_048234726.1	5	0	1		
NC_063265.1	XP_015581462.3	0	136	1		
NC_063265.1	XP_002512519.1	0	131	1		
NC_063265.1	XP_002519427.2	47	0	1		
NC_063257.1	XP_015575724.1	7	0	1		
NC_063259.1	XP_002532233.2	17	0	1		
NC_063263.1	XP_048234671.1	0	109	1		
NC_063264.1	XP_048235675.1	0	123	1		
NC_063256.1	XP_048232503.1	0	7	1		
NC_063257.1	XP_002510043.2	7	0	1		
NC_063258.1	XP_002515367.2	15	0	1		
NC_063256.1	XP_002521923.2	0	17	1		
NC_063262.1	XP_015579292.2	36	0	1		
NC_063263.1	XP_015581646.1	38	0	1		
NC_063259.1	XP_002533995.2	0	44	1		
NC_063259.1	XP_048228663.1	0	49	1		
NC_063262.1	XP_002522701.1	35	0	1		
NC_063259.1	XP_002530113.1	0	44	1		
NC_063264.1	XP_048234805.1	44	0	1		
NC_063256.1	XP_002529813.2	4	0	1		
NC_063263.1	XP_002533529.3	0	113	1		
NC_063260.1	XP_015583179.1	25	0	1		
NC_063258.1	XP_002515577.2	14	0	1		
NC_063261.1	XP_002525829.2	31	0	1		
NC_063261.1	XP_048231694.1	0	85	1		
NC_063265.1	XP_048236338.1	46	0	1		
NC_063257.1	XP_048226822.1	10	0	1		
NC_063259.1	XP_048228491.1	21	0	1		
NC_063260.1	XP_015583178.1	25	0	1		
NC_063263.1	XP_015581645.1	38	0	1		
NC_063264.1	XP_002519223.1	0	115	1		
NC_063257.1	XP_002521744.1	11	0	1		
NC_063263.1	XP_002523838.1	0	108	1		
NC_063262.1	XP_025014558.1	0	96	1		
NC_063260.1	XP_002529792.1	0	60	1		
NC_063256.1	XP_048230562.1	5	0	1		
NC_063259.1	XP_015577244.2	16	0	1		
NC_063259.1	XP_002511235.1	18	0	1		
NC_063257.1	XP_025012647.1	7	0	1		
NC_063258.1	XP_002523538.2	0	37	1		
NC_063258.1	XP_015571786.2	0	40	1		
NC_063265.1	XP_002519436.2	47	0	1		
NC_063256.1	XP_015577282.1	5	0	1		
NC_063261.1	XP_002530668.3	30	0	1		
NC_063256.1	XP_002511810.1	1	0	1		
NC_063256.1	XP_015584486.3	1	4	2		
NC_063264.1	XP_002522996.1	44	0	1		
NC_063257.1	XP_015576434.2	11	0	1		
NC_063265.1	XP_015579805.1	0	139	1		
NC_063265.1	XP_048225549.1	47	0	1		
NC_063260.1	XP_002509693.1	0	67	1		
NC_063261.1	XP_048232073.1	31	0	1		
NC_063264.1	XP_048234816.1	44	0	1		
NC_063264.1	XP_002519226.1	0	115	1		
NC_063263.1	XP_025012827.1	41	0	1		
NC_063265.1	XP_048226122.1	47	0	1		
NC_063258.1	XP_015572580.1	14	0	1		
NC_063260.1	XP_002509601.3	23	0	1		
NC_063265.1	XP_002528647.1	48	0	1		
NC_063259.1	NP_001310622.1	21	0	1		
NC_063265.1	XP_002512261.1	0	129	1		
NC_063262.1	XP_002514771.1	37	0	1		
NC_063264.1	XP_048235458.1	44	0	1		
NC_063256.1	XP_025013865.1	5	0	1		
NC_063265.1	XP_002528654.3	48	0	1		
NC_063259.1	XP_002532232.1	17	0	1		
NC_063256.1	XP_048230568.1	5	0	1		
NC_063261.1	XP_048231256.1	30	0	1		
NC_063257.1	XP_002519590.1	0	35	1		
NC_063257.1	XP_048227186.1	0	32	1		
NC_063261.1	XP_025011878.2	28	0	1		
NC_063263.1	XP_002521318.1	0	104	1		
NC_063264.1	XP_002522967.3	44	0	1		
NC_063260.1	XP_002524700.2	0	74	1		
NC_063263.1	XP_002529805.2	40	0	1		
NC_063260.1	XP_002518916.1	0	71	1		
NC_063258.1	XP_002514303.1	0	39	1		
NC_063256.1	XP_002523247.1	5	0	1		
NC_063264.1	XP_002519227.2	0	115	1		
NC_063262.1	XP_015576986.1	35	0	1		
NC_063258.1	XP_002524494.2	0	38	1		
NC_063261.1	XP_048231735.1	0	81	1		
NC_063256.1	XP_002523251.3	5	0	1		
NC_063259.1	XP_002513513.1	0	51	1		
NC_063260.1	XP_048229560.1	0	61	1		
NC_063264.1	XP_025013823.1	44	0	1		
NC_063261.1	XP_048231823.1	28	0	1		
NC_063257.1	XP_002513907.2	0	26	1		
NC_063263.1	XP_015580877.1	0	103	1		
NC_063263.1	XP_015581228.2	40	0	1		
NC_063260.1	XP_015578186.2	0	74	1		
NC_063265.1	XP_025014589.1	0	139	1		
NC_063259.1	XP_015580094.1	0	46	1		
NC_063256.1	XP_002531397.1	2	0	1		
NC_063265.1	XP_048235859.1	0	138	1		
NC_063264.1	XP_048235422.1	43	0	1		
NC_063265.1	XP_048235860.1	47	0	1		
NC_063257.1	XP_015575407.1	8	0	1		
NC_063261.1	XP_048231267.1	31	0	1		
NC_063258.1	XP_002515455.2	0	43	1		
NC_063256.1	XP_002531391.1	2	0	1		
NC_063260.1	XP_002509598.2	23	64	2		
NC_063261.1	XP_048231764.1	31	0	1		
NC_063264.1	XP_002517071.1	0	119	1		
NC_063257.1	XP_002526161.2	10	0	1		
NC_063256.1	XP_048232200.1	5	0	1		
NC_063256.1	XP_048226362.1	0	18	1		
NC_063257.1	XP_048227194.1	10	31	2		
NC_063264.1	XP_048235485.1	45	0	1		
NC_063257.1	XP_048227323.1	10	0	1		
NC_063265.1	XP_048226120.1	47	0	1		
NC_063265.1	XP_015581685.2	0	136	1		
NC_063261.1	XP_025013398.2	0	84	1		
NC_063256.1	XP_002531865.1	0	11	1		
NC_063259.1	XP_048229322.1	20	0	1		
NC_063256.1	XP_002511848.1	0	5	1		
NC_063256.1	XP_002521918.1	0	17	1		
NC_063258.1	XP_015583992.2	13	0	1		
NC_063261.1	XP_002525853.2	31	0	1		
NC_063263.1	XP_025011984.2	39	0	1		
NC_063261.1	XP_015583669.1	0	80	1		
NC_063258.1	XP_048227911.1	14	0	1		
NC_063264.1	XP_025013819.2	44	0	1		
NC_063264.1	XP_002522743.1	0	121	1		
NC_063257.1	XP_002526168.2	10	0	1		
NC_063257.1	XP_048227216.1	12	0	1		
NC_063264.1	XP_002522975.1	44	0	1		
NC_063257.1	XP_002520291.1	8	0	1		
NC_063257.1	XP_048227246.1	0	34	1		
NC_063265.1	XP_002519434.1	47	0	1		
NC_063260.1	XP_048229859.1	0	77	1		
NC_063261.1	XP_025014337.2	31	0	1		
NC_063262.1	XP_002522372.1	0	91	1		
NC_063259.1	XP_048229195.1	20	0	1		
NC_063263.1	XP_048233506.1	38	0	1		
NC_063256.1	XP_015577270.1	5	0	1		
NC_063265.1	XP_002528578.1	48	0	1		
NC_063261.1	XP_015584601.1	28	0	1		
NC_063259.1	XP_002513340.1	21	0	1		
NC_063263.1	XP_015581650.1	38	0	1		
NC_063257.1	XP_002513782.1	0	28	1		
NC_063263.1	XP_002513004.1	39	0	1		
NC_063261.1	XP_048232104.1	32	0	1		
NC_063264.1	XP_048235215.1	44	0	1		
NC_063259.1	XP_002513452.1	20	0	1		
NC_063261.1	XP_025014341.1	31	0	1		
NC_063256.1	XP_048226360.1	4	0	1		
NC_063260.1	XP_002533543.1	0	55	1		
NC_063259.1	XP_002513570.1	0	50	1		
NC_063263.1	XP_015581227.1	40	0	1		
NC_063256.1	XP_025015248.2	2	0	1		
NC_063260.1	XP_025015535.1	25	0	1		
NC_063257.1	XP_002520276.1	9	0	1		
NC_063261.1	XP_002525844.2	31	0	1		
NC_063257.1	XP_002526170.1	10	0	1		
NC_063257.1	XP_002510365.2	0	22	1		
NC_063260.1	XP_015579929.1	0	55	1		
NC_063256.1	XP_048234986.1	0	17	1		
NC_063263.1	XP_015570923.1	39	0	1		
NC_063261.1	XP_015580419.2	0	86	1		
NC_063264.1	XP_048235650.1	44	0	1		
NC_063263.1	XP_002512917.1	0	106	1		
NC_063257.1	XP_002523472.1	12	0	1		
NC_063256.1	XP_002531398.1	2	0	1		
NC_063264.1	XP_015580947.1	42	0	1		
NC_063265.1	XP_002528728.1	0	135	1		
NC_063263.1	XP_002517548.1	41	0	1		
NC_063259.1	XP_002511234.1	18	0	1		
NC_063264.1	XP_025013812.2	44	0	1		
NC_063258.1	XP_002515360.1	15	0	1		
NC_063264.1	XP_048234935.1	44	0	1		
NC_063262.1	XP_025013779.1	35	0	1		
NC_063265.1	XP_015574843.1	47	0	1		
NC_063259.1	XP_002511563.2	0	45	1		
NC_063256.1	XP_048226441.1	0	8	1		
NC_063264.1	XP_002534245.1	0	124	1		
NC_063259.1	XP_048228904.1	20	0	1		
NC_063264.1	XP_002522968.1	44	0	1		
NC_063264.1	XP_015574102.2	43	0	1		
NC_063257.1	XP_002513914.2	0	25	1		
NC_063256.1	XP_002511716.2	0	2	1		
NC_063265.1	XP_002524007.2	0	128	1		
NC_063261.1	XP_002518675.1	32	0	1		
NC_063257.1	XP_015574915.1	0	35	1		
NC_063265.1	XP_002528649.3	48	0	1		
NC_063259.1	XP_048228903.1	20	0	1		
NC_063265.1	XP_002519458.2	0	133	1		
NC_063256.1	XP_002523235.2	5	19	2		
NC_063263.1	XP_015573777.1	41	0	1		
NC_063264.1	XP_002529301.1	42	0	1		
NC_063256.1	XP_002531396.1	2	0	1		
NC_063265.1	XP_002520563.3	0	127	1		
NC_063265.1	XP_002528653.1	48	0	1		
NC_063257.1	XP_048227155.1	12	0	1		
NC_063264.1	XP_002518114.1	43	0	1		
NC_063259.1	XP_015571168.1	20	0	1		
NC_063264.1	XP_015577038.1	0	121	1		
NC_063256.1	XP_048233619.1	1	0	1		
NC_063263.1	XP_002513006.2	39	0	1		
NC_063263.1	XP_048233514.1	38	0	1		
NC_063259.1	XP_002513346.2	21	52	2		
NC_063264.1	XP_015577125.2	44	0	1		
NC_063256.1	XP_015577300.1	5	0	1		
NC_063257.1	XP_015575408.1	8	0	1		
NC_063258.1	XP_002515456.1	0	43	1		
NC_063261.1	XP_025011870.1	28	0	1		
NC_063263.1	XP_025011983.2	39	0	1		
NC_063264.1	XP_025013818.1	44	0	1		
NC_063262.1	XP_002514852.3	0	98	1		
NC_063259.1	XP_002523164.1	16	0	1		
NC_063256.1	XP_048225788.1	5	0	1		
NC_063263.1	XP_048234221.1	0	113	1		
NC_063260.1	XP_002518914.1	0	71	1		
NC_063258.1	XP_002515570.1	14	0	1		
NC_063259.1	XP_015582308.2	18	0	1		
NC_063264.1	XP_002522998.2	44	0	1		
NC_063260.1	XP_048229487.1	22	0	1		
NC_063259.1	XP_002511220.1	19	0	1		
NC_063263.1	XP_015570788.1	39	0	1		
NC_063256.1	XP_015584029.2	5	0	1		
NC_063258.1	XP_048227722.1	0	39	1		
NC_063257.1	XP_015575716.2	7	0	1		
NC_063257.1	XP_002510036.2	7	0	1		
NC_063264.1	XP_015573342.1	0	116	1		
NC_063264.1	XP_002529308.2	42	0	1		
NC_063256.1	XP_002512007.2	0	8	1		
NC_063258.1	XP_002528222.2	13	0	1		
NC_063260.1	XP_015575092.1	24	0	1		
NC_063257.1	XP_025013629.1	7	0	1		
NC_063259.1	XP_002511221.1	19	46	2		
NC_063260.1	XP_002521890.2	0	56	1		
NC_063261.1	XP_015583949.2	0	79	1		
NC_063260.1	XP_048229594.1	0	71	1		
NC_063259.1	XP_002532234.1	17	0	1		
NC_063256.1	XP_002523227.2	5	0	1		
NC_063260.1	XP_025014381.1	25	0	1		
NC_063259.1	XP_015580572.2	18	0	1		
NC_063257.1	XP_015571607.1	0	27	1		
NC_063260.1	XP_002509491.1	22	0	1		
NC_063263.1	XP_002517537.1	41	0	1		
NC_063264.1	XP_048235514.1	44	0	1		
NC_063264.1	XP_048234820.1	44	0	1		
NC_063258.1	XP_048227521.1	0	36	1		
NC_063258.1	XP_048227472.1	0	37	1		
NC_063265.1	XP_002517308.1	46	0	1		
NC_063264.1	XP_002517215.1	0	118	1		
NC_063256.1	XP_048228564.1	0	12	1		
NC_063263.1	XP_048234581.1	40	102	2		
NC_063256.1	XP_015577324.2	5	0	1		
NC_063257.1	XP_002513783.1	0	28	1		
NC_063256.1	XP_002511904.1	0	6	1		
NC_063259.1	XP_048229317.1	20	0	1		
NC_063258.1	XP_015572593.1	14	0	1		
NC_063264.1	XP_015577139.1	44	0	1		
NC_063256.1	XP_015578988.1	5	0	1		
NC_063257.1	XP_002523490.2	11	0	1		
NC_063263.1	XP_002517547.1	41	0	1		
NC_063261.1	XP_002533881.1	0	80	1		
NC_063261.1	XP_048232008.1	27	0	1		
NC_063263.1	XP_048233539.1	41	0	1		
NC_063265.1	XP_048235981.1	0	138	1		
NC_063259.1	XP_015571355.2	0	50	1		
NC_063263.1	XP_002533605.2	0	110	1		
NC_063260.1	XP_015576289.1	0	54	1		
NC_063265.1	XP_048225826.1	0	136	1		
NC_063260.1	XP_015576190.2	26	0	1		
NC_063265.1	XP_048235941.1	0	137	1		
NC_063257.1	XP_048227192.1	8	0	1		
NC_063261.1	XP_015580334.1	27	0	1		
NC_063262.1	XP_015579698.1	0	96	1		
NC_063260.1	XP_015579068.2	25	0	1		
NC_063256.1	XP_048229519.1	5	0	1		
NC_063265.1	XP_025012783.2	46	0	1		
NC_063262.1	XP_002533630.1	36	0	1		
NC_063260.1	XP_002519016.2	0	59	1		
NC_063262.1	XP_002532877.2	33	0	1		
NC_063265.1	XP_048235836.1	47	0	1		
NC_063256.1	XP_048235096.1	5	0	1		
NC_063256.1	XP_002533284.3	5	0	1		
NC_063256.1	XP_015577330.1	5	0	1		
NC_063262.1	XP_002527280.1	0	96	1		
NC_063264.1	XP_048234794.1	43	0	1		
NC_063261.1	XP_002518666.1	32	0	1		
NC_063258.1	XP_002516167.1	0	41	1		
NC_063264.1	XP_025014914.1	42	0	1		
NC_063258.1	XP_002515575.2	14	0	1		
NC_063260.1	XP_002519008.1	0	59	1		
NC_063256.1	XP_025015254.2	2	0	1		
NC_063262.1	XP_002527284.1	0	96	1		
NC_063256.1	XP_002526525.2	0	1	1		
NC_063256.1	XP_015578986.1	5	0	1		
NC_063256.1	XP_002530842.4	5	0	1		
NC_063264.1	XP_002531359.2	0	123	1		
NC_063259.1	XP_048229404.1	16	0	1		
NC_063260.1	XP_002519899.2	24	72	2		
NC_063260.1	XP_002522240.3	0	61	1		
NC_063261.1	XP_002526794.1	0	87	1		
NC_063259.1	XP_002510829.1	0	48	1		
NC_063259.1	XP_002513445.1	20	0	1		
NC_063256.1	XP_015575631.2	0	10	1		
NC_063256.1	XP_002529820.2	4	0	1		
NC_063258.1	XP_002515458.1	0	43	1		
NC_063259.1	XP_002523154.2	16	0	1		
NC_063263.1	XP_048234069.1	0	114	1		
NC_063256.1	XP_002511937.2	0	7	1		
NC_063256.1	XP_048229627.1	1	0	1		
NC_063260.1	XP_015582362.1	22	0	1		
NC_063256.1	XP_048235086.1	5	0	1		
NC_063263.1	XP_048233505.1	38	0	1		
NC_063259.1	XP_002523156.2	16	0	1		
NC_063265.1	XP_015580519.3	48	0	1		
NC_063264.1	XP_002517216.1	0	118	1		
NC_063256.1	XP_048232220.1	5	0	1		
NC_063256.1	XP_048229544.1	5	19	2		
NC_063256.1	XP_002511819.1	1	0	1		
NC_063264.1	XP_002533033.2	0	122	1		
NC_063259.1	XP_002511245.1	18	0	1		
NC_063263.1	XP_002529801.2	40	0	1		
NC_063259.1	XP_002511243.1	18	0	1		
NC_063264.1	XP_025013813.2	44	0	1		
NC_063259.1	XP_015571294.1	20	0	1		
NC_063262.1	XP_048233205.1	37	0	1		
NC_063259.1	XP_015571376.1	20	0	1		
NC_063263.1	XP_048233569.1	0	109	1		
NC_063258.1	XP_015572556.2	15	0	1		
NC_063262.1	XP_002517862.1	0	89	1		
NC_063264.1	XP_002523000.2	44	0	1		
NC_063261.1	XP_002518674.3	32	0	1		
NC_063261.1	XP_048231737.1	31	0	1		
NC_063263.1	XP_048233540.1	41	0	1		
NC_063256.1	XP_002531392.1	2	0	1		
NC_063257.1	XP_002526159.2	10	0	1		
NC_063263.1	XP_002527336.2	38	0	1		
NC_063261.1	XP_048231994.1	28	0	1		
NC_063256.1	XP_048229512.1	5	0	1		
NC_063259.1	XP_048228598.1	19	0	1		
NC_063263.1	XP_002517549.3	41	0	1		
NC_063259.1	XP_015582731.2	17	0	1		
NC_063259.1	XP_015571154.2	21	0	1		
NC_063258.1	XP_002515572.1	14	0	1		
NC_063261.1	XP_002518667.1	32	0	1		
NC_063257.1	XP_048227330.1	11	0	1		
NC_063256.1	XP_048231827.1	5	0	1		
NC_063257.1	XP_015579060.2	10	0	1		
NC_063261.1	XP_002520639.1	29	0	1		
NC_063258.1	XP_002534457.4	13	0	1		
NC_063257.1	XP_002510039.1	7	0	1		
NC_063260.1	XP_048230669.1	0	59	1		
NC_063265.1	XP_002517313.1	46	0	1		
NC_063263.1	XP_002512999.1	39	0	1		
NC_063264.1	XP_015577065.2	45	0	1		
NC_063259.1	XP_002523160.1	16	0	1		
NC_063258.1	XP_048227721.1	0	39	1		
NC_063261.1	XP_015578323.2	0	88	1		
NC_063256.1	XP_015575648.1	3	0	1		
NC_063259.1	XP_025013856.2	16	0	1		
NC_063261.1	XP_015575606.1	29	0	1		
NC_063256.1	XP_048232989.1	0	1	1		
NC_063257.1	XP_048227245.1	0	34	1		
NC_063259.1	XP_002523167.2	16	0	1		
NC_063256.1	XP_015584558.1	1	0	1		
NC_063256.1	XP_002511825.2	1	0	1		
NC_063263.1	XP_015570925.1	39	0	1		
NC_063259.1	XP_048228481.1	19	0	1		
NC_063264.1	XP_048235135.1	0	124	1		
NC_063260.1	XP_015579537.1	26	0	1		
NC_063257.1	XP_025013309.1	9	30	2		
NC_063263.1	XP_002530451.1	38	0	1		
NC_063256.1	XP_025013618.1	0	16	1		
NC_063256.1	XP_002523229.1	5	0	1		
NC_063259.1	XP_002532223.1	17	0	1		
NC_063259.1	XP_002523148.3	16	0	1		
NC_063265.1	XP_002519422.2	47	0	1		
NC_063257.1	XP_048226623.1	0	34	1		
NC_063257.1	XP_048226627.1	10	0	1		
NC_063257.1	XP_048226874.1	0	27	1		
NC_063256.1	XP_048226758.1	0	8	1		
NC_063264.1	NP_001310685.1	45	0	1		
NC_063262.1	XP_048233256.1	0	99	1		
NC_063260.1	XP_048229625.1	22	0	1		
NC_063264.1	XP_015577164.2	44	0	1		
NC_063258.1	XP_015572522.1	14	0	1		
NC_063259.1	NP_001310626.1	21	0	1		
NC_063261.1	XP_002520775.1	0	84	1		
NC_063262.1	XP_002524931.1	0	93	1		
NC_063260.1	XP_015583176.2	25	0	1		
NC_063257.1	XP_002523467.3	12	0	1		
NC_063257.1	XP_015577429.1	11	0	1		
NC_063260.1	XP_002519104.2	0	57	1		
NC_063256.1	XP_002515153.2	0	13	1		
NC_063257.1	XP_025013308.2	9	0	1		
NC_063257.1	XP_025014377.2	10	0	1		
NC_063260.1	XP_015575108.1	24	72	2		
NC_063264.1	XP_048235433.1	43	0	1		
NC_063261.1	XP_048231232.1	29	0	1		
NC_063259.1	XP_002510826.1	0	48	1		
NC_063262.1	XP_048233206.1	37	0	1		
NC_063256.1	XP_002526522.1	0	1	1		
NC_063263.1	XP_015581226.2	40	102	2		
NC_063261.1	XP_048231627.1	27	0	1		
NC_063259.1	XP_002513347.1	21	0	1		
NC_063263.1	XP_002533764.2	0	101	1		
NC_063260.1	XP_048230305.1	26	0	1		
NC_063259.1	XP_025012150.2	20	0	1		
NC_063256.1	XP_002511753.2	0	3	1		
NC_063263.1	XP_048233507.1	38	0	1		
NC_063265.1	XP_015573584.1	46	0	1		
NC_063262.1	XP_002523598.1	0	92	1		
NC_063262.1	XP_048232820.1	36	0	1		
NC_063256.1	XP_002529098.2	0	14	1		
NC_063264.1	XP_048234741.1	42	0	1		
NC_063263.1	XP_002530444.1	38	0	1		
NC_063263.1	XP_048233510.1	38	0	1		
NC_063265.1	XP_015574867.1	47	0	1		
NC_063262.1	XP_025012423.1	37	0	1		
NC_063265.1	XP_048226123.1	47	0	1		
NC_063260.1	XP_002521582.1	0	54	1		
NC_063260.1	XP_048229657.1	0	76	1		
NC_063262.1	XP_002526532.2	36	0	1		
NC_063264.1	XP_015577141.2	44	0	1		
NC_063260.1	XP_002519030.1	0	58	1		
NC_063261.1	XP_002533021.1	30	0	1		
NC_063256.1	XP_002529812.2	4	0	1		
NC_063260.1	XP_015579540.2	26	0	1		
NC_063261.1	XP_002533030.1	30	0	1		
NC_063260.1	XP_048230675.1	25	0	1		
NC_063260.1	XP_002518876.1	0	70	1		
NC_063257.1	XP_002519593.3	0	35	1		
NC_063264.1	XP_025014915.2	42	0	1		
NC_063260.1	XP_015575126.1	24	0	1		
NC_063256.1	XP_015575538.2	0	20	1		
NC_063263.1	XP_002529182.1	0	103	1		
NC_063263.1	XP_002517546.2	41	0	1		
NC_063261.1	XP_048231355.1	29	0	1		
NC_063256.1	XP_048235815.1	0	16	1		
NC_063260.1	XP_048230811.1	0	56	1		
NC_063259.1	XP_002511241.1	18	0	1		
NC_063256.1	XP_015581881.2	5	0	1		
NC_063259.1	XP_002511223.1	19	46	2		
NC_063265.1	XP_015574858.1	47	0	1		
NC_063263.1	XP_002517536.1	41	0	1		
NC_063260.1	XP_002509596.2	23	64	2		
NC_063260.1	XP_015570806.2	0	67	1		
NC_063264.1	XP_002522983.2	44	0	1		
NC_063262.1	XP_002522207.1	34	0	1		
NC_063257.1	XP_002510668.2	6	21	2		
NC_063259.1	XP_002513443.1	20	0	1		
NC_063259.1	XP_002513446.1	20	0	1		
NC_063260.1	XP_048229717.1	23	0	1		
NC_063263.1	XP_002513011.1	39	0	1		
NC_063257.1	XP_015575354.1	9	0	1		
NC_063258.1	XP_048228318.1	13	0	1		
NC_063265.1	XP_048235837.1	47	0	1		
NC_063260.1	XP_048229656.1	0	76	1		
NC_063262.1	XP_002524932.1	0	93	1		
NC_063264.1	XP_002524543.2	0	126	1		
NC_063257.1	XP_048227036.1	11	0	1		
NC_063260.1	XP_002519027.2	0	58	1		
NC_063261.1	XP_015578867.2	31	0	1		
NC_063262.1	XP_002515006.1	0	97	1		
NC_063260.1	XP_015576189.1	26	0	1		
NC_063265.1	NP_001310701.1	48	0	1		
NC_063260.1	XP_002521889.1	0	56	1		
NC_063256.1	XP_048226005.1	4	0	1		
NC_063257.1	XP_048227157.1	12	0	1		
NC_063262.1	XP_015572234.1	37	0	1		
NC_063264.1	XP_002518140.2	43	0	1		
NC_063261.1	XP_048231767.1	31	0	1		
NC_063264.1	XP_002518131.1	43	0	1		
NC_063256.1	XP_015582228.2	2	0	1		
NC_063261.1	XP_002518668.1	32	0	1		
NC_063259.1	XP_048228474.1	21	0	1		
NC_063264.1	XP_002522979.1	44	0	1		
NC_063256.1	XP_002523244.1	5	0	1		
NC_063260.1	XP_025012094.1	0	66	1		
NC_063258.1	XP_015583419.2	13	0	1		
NC_063263.1	XP_048233512.1	38	0	1		
NC_063264.1	XP_002522965.1	44	0	1		
NC_063263.1	XP_002513005.1	39	0	1		
NC_063264.1	XP_048235558.1	44	0	1		
NC_063256.1	XP_025013288.2	0	9	1		
NC_063257.1	XP_002520292.1	8	0	1		
NC_063262.1	XP_002532875.1	33	0	1		
NC_063263.1	XP_002523753.2	0	111	1		
NC_063262.1	XP_015572289.1	37	0	1		
NC_063260.1	XP_015579063.1	25	0	1		
NC_063256.1	XP_048228900.1	0	15	1		
NC_063256.1	XP_002511817.1	1	0	1		
NC_063261.1	XP_015573870.1	0	78	1		
NC_063256.1	XP_002520735.1	3	0	1		
NC_063260.1	XP_002532790.1	25	0	1		
NC_063258.1	XP_048227987.1	13	0	1		
NC_063257.1	XP_002526171.1	10	0	1		
NC_063260.1	XP_015574574.2	0	57	1		
NC_063258.1	XP_015572470.2	14	0	1		
NC_063256.1	XP_048226452.1	0	10	1		
NC_063260.1	XP_002509621.2	0	65	1		
NC_063259.1	XP_025015405.1	17	0	1		
NC_063260.1	XP_048230656.1	24	0	1		
NC_063260.1	XP_002532971.2	25	0	1		
NC_063259.1	XP_025013827.1	18	0	1		
NC_063261.1	XP_048231625.1	27	0	1		
NC_063259.1	XP_015571186.3	21	52	2		
NC_063257.1	XP_048227224.1	0	32	1		
NC_063256.1	XP_002511823.2	1	4	2		
NC_063256.1	XP_002520512.2	0	20	1		
NC_063259.1	XP_048228898.1	20	0	1		
NC_063265.1	XP_025014587.1	0	139	1		
NC_063256.1	XP_015581234.1	4	0	1		
NC_063257.1	XP_002520270.1	9	0	1		
NC_063256.1	XP_015584357.1	1	0	1		
NC_063261.1	XP_002512149.1	28	0	1		
NC_063260.1	XP_015583177.1	25	0	1		
NC_063261.1	XP_048232204.1	31	0	1		
NC_063256.1	XP_015584512.1	0	7	1		
NC_063262.1	XP_002517860.1	0	89	1		
NC_063263.1	XP_002529795.2	40	102	2		
NC_063259.1	NP_001310623.1	21	0	1		
NC_063265.1	XP_002528733.1	0	135	1		
NC_063258.1	XP_048228189.1	14	0	1		
NC_063256.1	XP_048232935.1	5	0	1		
NC_063257.1	XP_048227329.1	11	0	1		
NC_063265.1	XP_002512564.2	0	132	1		
NC_063265.1	XP_025014586.1	0	139	1		
NC_063256.1	XP_002530840.1	5	0	1		
NC_063257.1	XP_002513781.1	0	28	1		
NC_063261.1	XP_002518670.1	32	0	1		
NC_063259.1	XP_002510861.1	0	47	1		
NC_063264.1	XP_048235118.1	0	122	1		
NC_063265.1	XP_002528579.1	48	0	1		
NC_063263.1	XP_025012828.1	41	0	1		
NC_063261.1	XP_048231307.1	0	85	1		
NC_063256.1	XP_048233555.1	5	0	1		
NC_063264.1	XP_002516796.1	0	117	1		
NC_063263.1	XP_002529802.1	40	0	1		
NC_063256.1	XP_002520731.1	3	0	1		
NC_063264.1	XP_002518115.1	43	0	1		
NC_063265.1	XP_002519437.2	47	0	1		
NC_063260.1	XP_015583180.1	25	0	1		
NC_063260.1	XP_002526974.1	26	0	1		
NC_063256.1	XP_048232101.1	5	0	1		
NC_063262.1	XP_015579281.2	36	0	1		
NC_063262.1	XP_002514778.1	37	0	1		
NC_063262.1	XP_015572121.1	0	100	1		
NC_063259.1	XP_015578517.1	19	0	1		
NC_063261.1	XP_002525827.1	31	0	1		
NC_063261.1	XP_015580335.1	27	0	1		
NC_063264.1	XP_002522970.2	44	0	1		
NC_063265.1	XP_048225658.1	47	0	1		
NC_063265.1	XP_002519428.1	47	0	1		
NC_063263.1	XP_002517556.3	0	105	1		
NC_063260.1	XP_025014380.1	25	0	1		
NC_063264.1	XP_015573343.1	0	116	1		
NC_063261.1	XP_048231734.1	0	80	1		
NC_063260.1	XP_025013246.1	24	72	2		
NC_063264.1	XP_015580949.2	0	120	1		
NC_063256.1	XP_015582216.2	2	0	1		
NC_063264.1	XP_015577165.2	44	0	1		
NC_063256.1	XP_002521942.2	0	16	1		
NC_063257.1	XP_015575406.1	8	0	1		
NC_063262.1	XP_015572107.1	0	99	1		
NC_063263.1	XP_015577653.1	0	107	1		
NC_063259.1	XP_048229202.1	21	0	1		
NC_063264.1	XP_048235023.1	45	0	1		
NC_063256.1	XP_002529094.2	0	14	1		
NC_063256.1	XP_002516715.2	0	18	1		
NC_063260.1	XP_002509591.2	23	0	1		
NC_063263.1	XP_002523863.2	0	107	1		
NC_063265.1	XP_002528731.2	0	135	1		
NC_063257.1	XP_002521753.2	11	0	1		
NC_063264.1	XP_015577122.2	44	0	1		
NC_063259.1	XP_048229001.1	0	46	1		
NC_063257.1	XP_015576555.1	0	23	1		
NC_063263.1	XP_002530443.1	38	0	1		
NC_063259.1	XP_048229319.1	20	0	1		
NC_063264.1	XP_048235657.1	45	0	1		
NC_063259.1	XP_002523161.2	16	0	1		
NC_063260.1	XP_015572285.1	23	0	1		
NC_063264.1	XP_025012922.2	43	0	1		
NC_063262.1	XP_002514849.1	0	98	1		
NC_063261.1	XP_002525830.1	31	0	1		
NC_063259.1	XP_002510860.1	0	47	1		
NC_063262.1	XP_048232984.1	36	0	1		
NC_063263.1	XP_002523750.2	0	111	1		
NC_063264.1	XP_002522985.2	44	0	1		
NC_063257.1	XP_002532930.1	0	33	1		
NC_063256.1	XP_015583337.2	5	0	1		
NC_063261.1	XP_048231821.1	28	0	1		
NC_063263.1	XP_048233994.1	40	0	1		
NC_063264.1	XP_002530185.2	0	125	1		
NC_063265.1	XP_048236315.1	0	133	1		
NC_063264.1	XP_015577146.2	44	0	1		
NC_063264.1	XP_015574096.1	43	0	1		
NC_063260.1	XP_015574623.1	0	58	1		
NC_063260.1	XP_002534414.2	0	62	1		
NC_063257.1	XP_048226727.1	7	0	1		
NC_063262.1	NP_001310638.1	37	0	1		
NC_063263.1	XP_048233573.1	0	106	1		
NC_063257.1	XP_015575719.2	7	0	1		
NC_063259.1	XP_002532227.1	17	0	1		
NC_063261.1	XP_048232203.1	31	0	1		
NC_063264.1	XP_002522994.3	44	0	1		
NC_063257.1	XP_002510042.1	7	0	1		
NC_063256.1	XP_002520730.1	3	0	1		
NC_063260.1	XP_002518913.1	0	71	1		
NC_063257.1	XP_048227215.1	12	0	1		
NC_063264.1	XP_048235394.1	44	0	1		
NC_063258.1	XP_048227776.1	0	42	1		
NC_063264.1	XP_048235273.1	43	0	1		
NC_063261.1	XP_002533022.1	30	0	1		
NC_063264.1	XP_002517004.3	0	120	1		
NC_063259.1	XP_002532224.2	17	0	1		
NC_063261.1	XP_002512138.1	28	0	1		
NC_063259.1	XP_015582736.2	17	0	1		
NC_063264.1	XP_002518122.1	43	0	1		
NC_063258.1	XP_002516544.1	0	42	1		
NC_063258.1	XP_002534456.3	13	0	1		
NC_063260.1	XP_015579520.2	26	0	1		
NC_063261.1	XP_048231266.1	31	0	1		
NC_063261.1	XP_025014752.1	27	0	1		
NC_063260.1	XP_015575093.1	24	0	1		
NC_063262.1	XP_048232925.1	37	0	1		
NC_063261.1	XP_015578881.3	31	0	1		
NC_063262.1	XP_048232819.1	36	0	1		
NC_063259.1	XP_002511219.2	19	0	1		
NC_063256.1	XP_002530836.2	5	0	1		
NC_063265.1	XP_015580488.2	48	0	1		
NC_063262.1	XP_002513266.3	35	0	1		
NC_063262.1	XP_015572224.1	37	0	1		
NC_063261.1	XP_002528301.3	27	0	1		
NC_063261.1	XP_048231228.1	28	0	1		
NC_063258.1	XP_002515580.1	14	0	1		
NC_063262.1	XP_025013676.2	34	95	2		
NC_063260.1	XP_015576281.1	0	54	1		
NC_063264.1	XP_002518132.1	43	0	1		
NC_063259.1	XP_048229409.1	17	0	1		
NC_063258.1	XP_015573060.1	0	42	1		
NC_063260.1	XP_002519896.1	24	0	1		
NC_063258.1	XP_015571787.1	0	40	1		
NC_063259.1	XP_002523152.1	16	0	1		
NC_063256.1	XP_048229630.1	1	0	1		
NC_063262.1	XP_048233423.1	35	0	1		
NC_063265.1	XP_025013165.1	47	0	1		
NC_063263.1	XP_048233646.1	40	0	1		
NC_063262.1	XP_048232987.1	0	93	1		
NC_063259.1	XP_015582725.1	17	0	1		
NC_063261.1	XP_015578884.1	31	0	1		
NC_063260.1	XP_015576208.1	26	0	1		
NC_063257.1	XP_002525518.1	0	32	1		
NC_063261.1	XP_002525837.3	31	0	1		
NC_063256.1	XP_002511717.3	0	2	1		
NC_063263.1	XP_015570969.1	39	0	1		
NC_063265.1	XP_002524010.1	0	128	1		
NC_063264.1	XP_048234800.1	0	119	1		
NC_063258.1	XP_015572569.2	15	0	1		
NC_063257.1	XP_002521743.1	11	0	1		
NC_063259.1	XP_048229111.1	21	0	1		
NC_063259.1	XP_015571234.1	0	49	1		
NC_063261.1	XP_002528302.2	27	0	1		
NC_063257.1	XP_015573805.1	0	23	1		
NC_063265.1	XP_048236318.1	48	0	1		
NC_063256.1	XP_048228897.1	0	15	1		
NC_063257.1	XP_048226726.1	7	0	1		
NC_063261.1	XP_025014775.2	0	86	1		
NC_063259.1	XP_048228965.1	17	0	1		
NC_063256.1	XP_015584594.2	1	0	1		
NC_063264.1	XP_002522973.1	44	0	1		
NC_063264.1	XP_015580946.2	0	120	1		
NC_063256.1	XP_015575611.1	3	0	1		
NC_063263.1	XP_048233834.1	41	0	1		
NC_063263.1	XP_002533604.1	0	110	1		
NC_063261.1	XP_048231696.1	0	88	1		
NC_063260.1	XP_002509647.1	0	66	1		
NC_063259.1	NP_001310627.1	21	0	1		
NC_063261.1	XP_002525843.1	31	0	1		
NC_063258.1	XP_025012501.1	14	0	1		
NC_063260.1	XP_002509956.2	0	68	1		
NC_063261.1	XP_048231877.1	0	78	1		
NC_063259.1	XP_002523169.2	16	0	1		
NC_063256.1	XP_048231824.1	5	0	1		
NC_063261.1	XP_048232064.1	31	0	1		
NC_063259.1	XP_015577499.1	18	0	1		
NC_063260.1	XP_002518425.1	0	77	1		
NC_063264.1	XP_002522964.2	44	0	1		
NC_063256.1	XP_048235093.1	5	0	1		
NC_063256.1	XP_002511826.1	1	0	1		
NC_063256.1	XP_015577322.2	5	0	1		
NC_063259.1	XP_015580574.2	18	0	1		
NC_063261.1	NP_001310643.1	27	0	1		
NC_063264.1	XP_048234817.1	44	0	1		
NC_063256.1	XP_048226398.1	1	4	2		
NC_063261.1	XP_048231626.1	27	0	1		
NC_063256.1	XP_048231278.1	5	0	1		
NC_063262.1	XP_002515012.2	0	97	1		
NC_063256.1	XP_002523238.3	5	0	1		
NC_063256.1	XP_048234312.1	5	0	1		
NC_063264.1	XP_002522974.1	44	0	1		
NC_063260.1	XP_015576188.1	26	0	1		
NC_063264.1	XP_002522984.2	44	0	1		
NC_063256.1	XP_048230904.1	5	0	1		
NC_063256.1	XP_048233012.1	4	0	1		
NC_063256.1	XP_048229500.1	5	0	1		
NC_063256.1	XP_002531390.2	2	0	1		
NC_063259.1	XP_002513334.4	21	53	2		
NC_063261.1	XP_015583210.1	30	0	1		
NC_063264.1	XP_015577076.2	45	0	1		
NC_063256.1	XP_002511816.1	1	0	1		
NC_063262.1	XP_025015314.1	33	0	1		
NC_063257.1	XP_048226607.1	9	0	1		
NC_063260.1	XP_048229720.1	23	0	1		
NC_063262.1	XP_002522706.1	35	0	1		
NC_063263.1	XP_002533763.1	0	101	1		
NC_063260.1	XP_002518910.1	0	71	1		
NC_063256.1	XP_025015476.2	1	0	1		
NC_063256.1	XP_048235512.1	2	0	1		
NC_063256.1	XP_048225787.1	5	0	1		
NC_063264.1	XP_002518125.1	43	0	1		
NC_063256.1	XP_015581232.1	4	0	1		
NC_063265.1	XP_002519430.2	47	0	1		
NC_063263.1	XP_048234282.1	40	102	2		
NC_063262.1	XP_002515689.2	35	0	1		
NC_063256.1	XP_002511812.1	1	0	1		
NC_063264.1	XP_015577145.2	44	0	1		
NC_063265.1	XP_048236316.1	47	0	1		
NC_063262.1	XP_002522370.1	0	91	1		
NC_063259.1	XP_002511229.1	18	0	1		
NC_063265.1	XP_002520566.1	0	127	1		
NC_063261.1	XP_048231697.1	0	88	1		
NC_063260.1	XP_015571651.2	23	0	1		
NC_063261.1	XP_015573869.1	0	78	1		
NC_063261.1	XP_025011875.2	28	0	1		
NC_063262.1	XP_002514773.1	37	0	1		
NC_063262.1	XP_002515010.3	0	97	1		
NC_063260.1	XP_048230655.1	24	0	1		
NC_063258.1	XP_048228219.1	14	0	1		
NC_063264.1	XP_002529300.1	42	0	1		
NC_063265.1	XP_015580496.1	48	0	1		
NC_063261.1	XP_002525846.1	31	0	1		
NC_063256.1	XP_025015890.2	1	0	1		
NC_063259.1	XP_002511237.1	18	0	1		
NC_063263.1	XP_002523752.2	0	111	1		
NC_063257.1	XP_002526382.1	0	33	1		
NC_063260.1	XP_002509690.1	0	67	1		
NC_063262.1	XP_025014442.2	36	0	1		
NC_063263.1	XP_048233915.1	39	0	1		
NC_063260.1	XP_048230835.1	22	0	1		
NC_063256.1	XP_048233553.1	5	0	1		
NC_063264.1	XP_015580941.1	42	0	1		
NC_063256.1	XP_002529822.2	4	0	1		
NC_063258.1	XP_002516166.2	0	41	1		
NC_063259.1	XP_002511230.2	18	0	1		
NC_063265.1	XP_048225888.1	46	0	1		
NC_063256.1	XP_025015475.2	1	0	1		
NC_063257.1	XP_015575362.1	8	0	1		
NC_063263.1	XP_002523754.2	0	111	1		
NC_063261.1	XP_002518790.2	0	83	1		
NC_063256.1	XP_048233617.1	1	0	1		
NC_063264.1	XP_048234815.1	44	0	1		
NC_063256.1	XP_015584350.2	1	0	1		
NC_063261.1	XP_002528303.1	27	0	1		
NC_063263.1	XP_002517543.1	41	0	1		
NC_063264.1	XP_048234803.1	44	0	1		
NC_063262.1	XP_048232951.1	33	0	1		
NC_063264.1	XP_025013811.1	44	0	1		
NC_063261.1	XP_048231285.1	0	82	1		
NC_063259.1	XP_048228899.1	20	0	1		
NC_063256.1	XP_015584559.1	1	0	1		
NC_063262.1	XP_002514779.1	37	0	1		
NC_063264.1	XP_048235651.1	44	0	1		
NC_063264.1	XP_048234936.1	44	0	1		
NC_063259.1	XP_002511233.3	18	0	1		
NC_063261.1	XP_025011876.2	28	0	1		
NC_063265.1	XP_015574895.1	47	0	1		
NC_063260.1	XP_015574208.2	0	75	1		
NC_063263.1	XP_015581208.2	0	113	1		
NC_063257.1	XP_002520288.2	8	0	1		
NC_063261.1	XP_002525851.2	31	0	1		
NC_063265.1	XP_002512324.1	0	130	1		
NC_063259.1	XP_002511216.3	19	0	1		
NC_063257.1	XP_015575365.2	9	0	1		
NC_063256.1	XP_025014988.2	4	0	1		
NC_063260.1	XP_048230308.1	26	0	1		
NC_063259.1	XP_002513640.2	0	49	1		
NC_063260.1	XP_048229718.1	23	0	1		
NC_063256.1	XP_002523225.1	5	0	1		
NC_063264.1	XP_002517214.1	0	118	1		
NC_063256.1	XP_015581238.2	4	0	1		
NC_063256.1	XP_048226003.1	4	0	1		
NC_063264.1	XP_015580945.2	42	0	1		
NC_063261.1	XP_015580329.1	27	0	1		
NC_063265.1	XP_002528575.2	48	134	2		
NC_063264.1	XP_002529319.2	0	120	1		
NC_063265.1	XP_015580499.1	48	0	1		
NC_063257.1	XP_048226771.1	7	0	1		
NC_063265.1	XP_048225905.1	48	134	2		
NC_063263.1	XP_015581697.1	0	114	1		
NC_063265.1	XP_015573577.1	46	0	1		
NC_063262.1	XP_002531676.2	33	0	1		
NC_063256.1	XP_015577284.2	5	0	1		
NC_063260.1	XP_002509687.1	0	67	1		
NC_063264.1	XP_002522745.1	0	121	1		
NC_063259.1	XP_002513344.1	21	52	2		
NC_063265.1	XP_002540072.3	47	0	1		
NC_063265.1	XP_002528732.2	0	135	1		
NC_063256.1	XP_048226363.1	0	18	1		
NC_063262.1	XP_025013678.2	34	0	1		
NC_063259.1	XP_025012135.1	20	0	1		
NC_063265.1	XP_048226014.1	48	0	1		
NC_063257.1	XP_002513815.1	0	27	1		
NC_063256.1	XP_002529096.2	0	14	1		
NC_063261.1	XP_048231968.1	30	0	1		
NC_063263.1	XP_002523777.2	0	109	1		
NC_063260.1	XP_048230306.1	26	0	1		
NC_063259.1	XP_002511566.3	0	45	1		
NC_063258.1	XP_048227954.1	14	0	1		
NC_063264.1	XP_048235024.1	45	0	1		
NC_063256.1	XP_015581235.2	4	0	1		
NC_063259.1	XP_015571245.1	20	0	1		
NC_063258.1	XP_048227953.1	14	0	1		
NC_063263.1	XP_002533606.1	0	110	1		
NC_063256.1	XP_002531866.2	0	11	1		
NC_063265.1	XP_002528644.2	48	0	1		
NC_063264.1	XP_002518118.1	43	0	1		
NC_063256.1	XP_002531401.2	2	0	1		
NC_063264.1	XP_002516791.1	0	117	1		
NC_063261.1	XP_002525835.2	31	0	1		
NC_063265.1	XP_048225657.1	47	0	1		
NC_063257.1	XP_002513918.2	0	25	1		
NC_063261.1	XP_002512151.2	28	0	1		
NC_063263.1	XP_002517544.3	41	0	1		
NC_063262.1	XP_002525107.1	0	90	1		
NC_063263.1	XP_002512998.1	39	0	1		
NC_063263.1	XP_015573778.1	41	0	1		
NC_063261.1	XP_025011871.1	28	0	1		
NC_063262.1	XP_048233339.1	35	0	1		
NC_063262.1	XP_002515688.1	35	0	1		
NC_063258.1	XP_048228061.1	13	0	1		
NC_063263.1	XP_048233511.1	38	0	1		
NC_063265.1	XP_015580487.1	48	134	2		
NC_063256.1	XP_015581885.1	5	0	1		
NC_063256.1	XP_015583335.1	5	0	1		
NC_063263.1	XP_048233568.1	0	109	1		
NC_063264.1	XP_002523008.1	44	0	1		
NC_063260.1	XP_048230676.1	25	0	1		
NC_063262.1	XP_015576737.2	0	91	1		
NC_063265.1	XP_002519439.2	47	0	1		
NC_063265.1	XP_048225972.1	47	0	1		
NC_063257.1	XP_048227153.1	12	0	1		
NC_063263.1	XP_025012055.1	39	0	1		
NC_063257.1	XP_025013321.1	9	0	1		
NC_063259.1	XP_002513438.1	20	0	1		
NC_063263.1	XP_015573779.1	41	0	1		
NC_063260.1	XP_002526973.1	26	0	1		
NC_063264.1	XP_048234933.1	44	0	1		
NC_063256.1	XP_002530835.3	5	0	1		
NC_063260.1	XP_002509646.1	0	66	1		
NC_063264.1	XP_025014913.2	42	0	1		
NC_063261.1	XP_002518791.1	0	83	1		
NC_063264.1	XP_002529302.1	42	0	1		
NC_063257.1	XP_002520272.1	9	30	2		
NC_063257.1	XP_002510249.2	0	24	1		
NC_063264.1	XP_048235420.1	43	0	1		
NC_063264.1	XP_015577142.1	44	0	1		
NC_063262.1	XP_048232985.1	36	0	1		
NC_063257.1	XP_002510368.1	0	22	1		
NC_063258.1	XP_048227951.1	14	0	1		
NC_063259.1	XP_015577260.2	16	0	1		
NC_063261.1	XP_015578866.2	0	81	1		
NC_063257.1	XP_048227072.1	0	28	1		
NC_063256.1	XP_025015179.2	5	0	1		
NC_063260.1	XP_048229894.1	26	0	1		
NC_063257.1	NP_001310688.1	12	0	1		
NC_063262.1	XP_002526531.2	36	0	1		
NC_063257.1	XP_002520094.1	0	34	1		
NC_063256.1	XP_015577281.1	5	0	1		
NC_063264.1	XP_002522989.3	44	0	1		
NC_063261.1	XP_025014037.2	0	85	1		
NC_063257.1	XP_002520280.3	9	0	1		
NC_063263.1	XP_002530445.1	38	0	1		
NC_063262.1	XP_015572225.2	37	0	1		
NC_063259.1	XP_002523162.2	16	0	1		
NC_063264.1	XP_002518129.2	43	0	1		
NC_063265.1	XP_048235853.1	47	0	1		
NC_063258.1	XP_002515571.2	14	0	1		
NC_063262.1	XP_048232890.1	35	0	1		
NC_063261.1	XP_002520638.3	29	0	1		
NC_063258.1	XP_002515569.3	14	0	1		
NC_063256.1	XP_002523243.2	5	0	1		
NC_063258.1	XP_048228215.1	15	0	1		
NC_063260.1	XP_002509593.1	23	0	1		
NC_063265.1	XP_002519426.1	47	0	1		
NC_063256.1	XP_048234953.1	5	0	1		
NC_063259.1	XP_048229196.1	20	0	1		
NC_063260.1	XP_015574573.2	0	57	1		
NC_063260.1	XP_002509967.1	0	69	1		
NC_063256.1	XP_048233015.1	4	0	1		
NC_063257.1	XP_002521748.2	11	0	1		
NC_063261.1	XP_015578863.1	31	0	1		
NC_063264.1	XP_048234819.1	44	0	1		
NC_063257.1	XP_002520296.1	8	0	1		
NC_063261.1	XP_048232105.1	27	0	1		
NC_063263.1	XP_015570868.2	39	0	1		
NC_063256.1	XP_048227347.1	0	9	1		
NC_063256.1	XP_048226427.1	0	11	1		
NC_063260.1	XP_002521494.1	26	0	1		
NC_063263.1	XP_002521317.1	0	104	1		
NC_063260.1	XP_015579538.1	26	0	1		
NC_063258.1	XP_048228323.1	0	37	1		
NC_063256.1	XP_002523226.3	5	0	1		
NC_063263.1	XP_048233513.1	38	0	1		
NC_063257.1	XP_002510670.2	6	0	1		
NC_063265.1	XP_002512262.2	0	129	1		
NC_063265.1	XP_015574866.1	47	0	1		
NC_063263.1	XP_048234276.1	40	0	1		
NC_063262.1	XP_048232874.1	34	0	1		
NC_063265.1	XP_002519460.1	0	133	1		
NC_063256.1	XP_048232152.1	5	0	1		
NC_063259.1	XP_048229321.1	20	0	1		
NC_063260.1	XP_048229658.1	0	76	1		
NC_063257.1	XP_025013151.1	0	24	1		
NC_063263.1	XP_002517535.2	41	0	1		
NC_063262.1	XP_002514782.1	37	0	1		
NC_063258.1	XP_002515573.2	14	0	1		
NC_063260.1	XP_002518911.1	0	71	1		
NC_063264.1	XP_048235556.1	44	0	1		
NC_063256.1	XP_002533285.2	5	0	1		
NC_063261.1	XP_015577887.2	0	85	1		
NC_063263.1	XP_002517545.2	41	0	1		
NC_063256.1	XP_015581237.2	4	0	1		
NC_063265.1	XP_002512323.1	0	130	1		
NC_063265.1	XP_048225843.1	48	0	1		
NC_063256.1	XP_015577294.2	5	0	1		
NC_063256.1	XP_002511936.2	0	7	1		
NC_063260.1	XP_015579062.1	25	0	1		
NC_063264.1	XP_048235676.1	0	123	1		
NC_063265.1	XP_025014588.1	0	139	1		
NC_063256.1	XP_015582227.2	2	0	1		
NC_063261.1	XP_048232116.1	30	0	1		
NC_063257.1	XP_015574958.3	6	0	1		
NC_063262.1	XP_048233207.1	37	0	1		
NC_063256.1	XP_015577287.3	5	19	2		
NC_063256.1	XP_002529826.1	4	0	1		
NC_063263.1	XP_048233833.1	41	0	1		
NC_063265.1	XP_048236247.1	0	128	1		
NC_063256.1	XP_015574339.2	0	15	1		
NC_063257.1	XP_048226728.1	7	0	1		
NC_063265.1	XP_015580517.1	48	0	1		
NC_063261.1	XP_002533882.2	0	80	1		
NC_063263.1	XP_048233508.1	38	0	1		
NC_063260.1	XP_025012114.1	22	0	1		
NC_063258.1	XP_002515579.1	14	0	1		
NC_063262.1	XP_015572218.1	37	0	1		
NC_063260.1	XP_002509968.2	0	69	1		
NC_063257.1	XP_048226683.1	12	0	1		
NC_063262.1	XP_002522707.1	35	0	1		
NC_063265.1	XP_002528643.1	48	0	1		
NC_063257.1	XP_002510037.2	7	0	1		
NC_063256.1	XP_048233790.1	5	0	1		
NC_063261.1	XP_048231766.1	31	0	1		
NC_063260.1	XP_002518877.1	0	70	1		
NC_063256.1	XP_002511902.2	0	6	1		
NC_063263.1	XP_002513002.1	39	0	1		
NC_063257.1	XP_002510664.1	0	21	1		
NC_063256.1	XP_015581889.2	5	0	1		
NC_063259.1	XP_048228881.1	0	50	1		
NC_063260.1	XP_048229719.1	23	0	1		
NC_063263.1	XP_015570872.2	0	106	1		
NC_063261.1	XP_002520637.1	29	0	1		
NC_063258.1	XP_015584013.1	13	0	1		
NC_063256.1	XP_002530838.2	5	0	1		
NC_063263.1	XP_048233818.1	39	0	1		
NC_063265.1	XP_002519431.2	47	0	1		
NC_063265.1	XP_002517300.1	46	0	1		
NC_063262.1	XP_002532872.3	33	0	1		
NC_063256.1	XP_002523253.3	5	0	1		
NC_063265.1	XP_015580532.1	48	0	1		
NC_063256.1	XP_048234521.1	5	0	1		
NC_063256.1	XP_015577218.1	0	12	1		
NC_063265.1	XP_048236325.1	0	138	1		
NC_063264.1	XP_002518139.2	43	0	1		
NC_063263.1	XP_048234025.1	38	0	1		
NC_063259.1	XP_015571332.1	20	0	1		
NC_063264.1	XP_002518117.2	43	0	1		
NC_063257.1	XP_015577434.1	12	0	1		
NC_063260.1	XP_002509955.2	0	68	1		
NC_063257.1	XP_048226823.1	10	0	1		
NC_063259.1	XP_048228438.1	21	0	1		
NC_063264.1	XP_002530182.3	0	125	1		
NC_063260.1	XP_015579543.2	26	0	1		
NC_063260.1	XP_048229624.1	22	0	1		
NC_063261.1	XP_002528298.1	27	0	1		
NC_063257.1	XP_002510040.2	7	0	1		
NC_063264.1	XP_002516793.1	0	117	1		
NC_063257.1	XP_015576562.1	0	23	1		
NC_063256.1	XP_002511815.2	1	0	1		
NC_063256.1	XP_015577286.1	5	0	1		
NC_063259.1	XP_015571326.2	20	0	1		
NC_063262.1	XP_015578419.2	0	90	1		
NC_063264.1	XP_048234818.1	44	0	1		
NC_063264.1	XP_002522816.1	45	0	1		
NC_063262.1	XP_025012399.2	0	97	1		
NC_063261.1	XP_048231695.1	0	85	1		
NC_063259.1	XP_015582730.2	17	0	1		
NC_063258.1	XP_048227616.1	13	0	1		
NC_063261.1	XP_002518671.3	32	0	1		
NC_063264.1	XP_002518121.3	43	0	1		
NC_063259.1	NP_001310625.1	21	0	1		
NC_063257.1	XP_015572866.3	7	0	1		
NC_063258.1	XP_002533449.1	0	36	1		
NC_063260.1	XP_015579955.3	0	73	1		
NC_063257.1	XP_002523475.2	12	0	1		
NC_063256.1	XP_015575539.2	0	20	1		
NC_063257.1	XP_002521742.4	11	0	1		
NC_063261.1	XP_025013379.1	29	0	1		
NC_063256.1	XP_002511845.1	0	5	1		
NC_063263.1	XP_048234540.1	40	0	1		
NC_063261.1	XP_048231923.1	0	82	1		
NC_063264.1	XP_015577152.1	44	0	1		
NC_063257.1	XP_048227444.1	0	29	1		
NC_063260.1	XP_002509557.2	0	63	1		
NC_063261.1	XP_002525869.1	0	81	1		
NC_063260.1	XP_002518909.2	0	71	1		
NC_063258.1	XP_002515361.2	15	0	1		
NC_063258.1	XP_002516169.1	0	41	1		
NC_063264.1	XP_048235134.1	0	119	1		
NC_063262.1	XP_048232561.1	0	94	1		
NC_063261.1	XP_002528449.2	0	86	1		
NC_063264.1	XP_015578064.2	0	126	1		
NC_063259.1	XP_002523158.3	16	0	1		
NC_063256.1	XP_002530834.1	5	0	1		
NC_063256.1	XP_002531403.2	2	0	1		
NC_063257.1	XP_002523476.1	12	0	1		
NC_063260.1	XP_002522247.1	0	61	1		
NC_063258.1	XP_048228000.1	0	36	1		
NC_063259.1	XP_002513440.2	20	0	1		
NC_063263.1	XP_002529056.3	0	109	1		
NC_063259.1	XP_048229320.1	20	0	1		
NC_063260.1	XP_002509597.2	23	64	2		
NC_063259.1	XP_025012134.1	20	0	1		
NC_063261.1	XP_048232063.1	31	0	1		
NC_063256.1	XP_015581884.1	5	0	1		
NC_063261.1	XP_048232067.1	31	0	1		
NC_063265.1	XP_002517315.1	46	0	1		
NC_063264.1	XP_048234774.1	44	0	1		
NC_063257.1	XP_048226725.1	7	0	1		
NC_063256.1	XP_025014984.2	4	0	1		
NC_063264.1	XP_048234790.1	45	0	1		
NC_063260.1	XP_002509556.1	0	63	1		
NC_063257.1	XP_048226770.1	7	0	1		
NC_063264.1	XP_048234740.1	42	0	1		
NC_063263.1	XP_048233509.1	38	0	1		
NC_063257.1	XP_002510671.2	6	21	2		
NC_063260.1	XP_002509592.2	23	0	1		
NC_063265.1	XP_048236319.1	48	134	2		
NC_063260.1	XP_002509495.1	22	0	1		
NC_063264.1	XP_015577143.2	44	0	1		
NC_063261.1	XP_048232062.1	31	0	1		
NC_063256.1	XP_002526524.2	0	1	1		
NC_063262.1	XP_015583129.2	33	0	1		
NC_063260.1	XP_002518578.3	0	75	1		
NC_063264.1	XP_025013792.2	45	0	1		
NC_063260.1	XP_015584173.2	25	0	1		
NC_063263.1	XP_048233935.1	0	104	1		
NC_063262.1	XP_025012377.1	37	0	1		
NC_063261.1	XP_048231822.1	28	0	1		
NC_063260.1	XP_015583105.1	25	0	1		
NC_063261.1	XP_048232183.1	0	82	1		
NC_063256.1	XP_002529824.2	4	0	1		
NC_063261.1	XP_048231231.1	29	0	1		
NC_063257.1	XP_002520297.2	8	0	1		
NC_063257.1	XP_048226470.1	9	0	1		
NC_063260.1	XP_048230657.1	24	0	1		
NC_063264.1	XP_002529310.2	42	0	1		
NC_063264.1	XP_015581480.2	0	125	1		
NC_063265.1	XP_002520564.1	0	127	1		
NC_063262.1	XP_048233360.1	36	0	1		
NC_063264.1	XP_002516792.1	0	117	1		
NC_063262.1	XP_025012375.1	37	0	1		
NC_063264.1	XP_002529304.1	42	0	1		
NC_063258.1	XP_025013906.1	0	37	1		
NC_063264.1	XP_002518126.2	43	0	1		
NC_063258.1	XP_002514275.1	0	40	1		
NC_063262.1	XP_015572235.1	37	0	1		
NC_063256.1	XP_048227345.1	0	9	1		
NC_063257.1	XP_015574916.1	0	35	1		
NC_063264.1	XP_048234821.1	44	0	1		
NC_063264.1	XP_048234970.1	0	116	1		
NC_063263.1	XP_002517541.2	41	0	1		
NC_063260.1	XP_002518875.2	0	70	1		
NC_063258.1	XP_048227988.1	13	0	1		
NC_063257.1	XP_015576378.1	11	0	1		
NC_063263.1	XP_002513010.1	39	0	1		
NC_063264.1	XP_048234792.1	45	0	1		
NC_063265.1	XP_002519429.2	47	0	1		
NC_063264.1	XP_015577025.1	0	121	1		
NC_063265.1	XP_048226124.1	47	0	1		
NC_063264.1	XP_002518142.2	43	0	1		
NC_063265.1	XP_048226141.1	48	0	1		
NC_063260.1	XP_002509493.1	22	0	1		
NC_063260.1	XP_048229473.1	0	74	1		
NC_063256.1	XP_015577280.1	5	0	1		
NC_063256.1	XP_048226425.1	0	12	1		
NC_063260.1	XP_048230313.1	26	0	1		
NC_063262.1	XP_002523600.2	0	92	1		
NC_063265.1	XP_015577799.2	0	137	1		
NC_063256.1	XP_002511939.1	0	7	1		
NC_063261.1	XP_015580110.1	0	79	1		
NC_063265.1	XP_002528645.2	48	0	1		
NC_063262.1	XP_048232871.1	0	95	1		
NC_063257.1	XP_002520269.2	9	0	1		
NC_063261.1	XP_015573868.1	0	78	1		
NC_063257.1	XP_002513766.1	0	29	1		
NC_063260.1	XP_002518424.1	0	77	1		
NC_063263.1	XP_015581647.1	38	0	1		
NC_063262.1	XP_002527281.1	0	96	1		
NC_063259.1	XP_002530111.2	0	44	1		
NC_063256.1	XP_025015251.2	2	0	1		
NC_063264.1	XP_048235457.1	44	0	1		
NC_063263.1	XP_002523839.1	0	108	1		
NC_063256.1	XP_002529823.1	4	0	1		
NC_063265.1	XP_025015763.2	0	138	1		
NC_063265.1	XP_025013167.1	47	0	1		
NC_063265.1	XP_002528655.2	48	0	1		
NC_063264.1	XP_002522999.2	44	0	1		
NC_063257.1	XP_002532931.2	0	33	1		
NC_063261.1	XP_048231230.1	29	0	1		
NC_063262.1	XP_002514848.2	0	98	1		
NC_063264.1	XP_025012925.1	43	0	1		
NC_063257.1	XP_002510667.1	6	21	2		
NC_063256.1	XP_002523234.1	5	0	1		
NC_063264.1	XP_048234956.1	43	0	1		
NC_063264.1	XP_025012927.2	43	0	1		
NC_063259.1	XP_002510830.1	0	48	1		
NC_063265.1	XP_025014000.2	0	137	1		
NC_063261.1	XP_002512150.1	28	0	1		
NC_063264.1	XP_015574091.1	43	0	1		
NC_063265.1	XP_048225819.1	0	139	1		
NC_063256.1	XP_015578987.1	5	0	1		
NC_063259.1	XP_015571174.2	21	0	1		
NC_063261.1	XP_048232012.1	28	0	1		
NC_063256.1	XP_015577323.2	5	0	1		
NC_063259.1	XP_015582727.2	17	0	1		
NC_063260.1	XP_048230307.1	26	0	1		
NC_063256.1	XP_025015178.2	5	0	1		
NC_063256.1	XP_048235088.1	5	0	1		
NC_063259.1	XP_002532226.1	17	0	1		
NC_063264.1	XP_002522815.2	45	0	1		
NC_063256.1	XP_015584342.2	1	0	1		
NC_063257.1	XP_015571585.1	0	26	1		
NC_063256.1	XP_002520743.2	0	10	1		
NC_063256.1	XP_002529818.1	4	0	1		
NC_063264.1	XP_015580951.2	42	0	1		
NC_063264.1	XP_048235421.1	43	0	1		
NC_063264.1	XP_015574097.1	43	0	1		
NC_063259.1	XP_015571377.1	20	0	1		
NC_063259.1	XP_015571240.3	0	51	1		
NC_063259.1	XP_015571173.1	21	0	1		
NC_063256.1	XP_048234727.1	5	0	1		
NC_063265.1	XP_015570382.1	0	131	1		
NC_063264.1	XP_015577133.1	44	0	1		
NC_063257.1	XP_048227314.1	11	0	1		
NC_063264.1	XP_002522721.1	0	122	1		
NC_063264.1	XP_025013820.2	44	0	1		
NC_063264.1	XP_002522981.3	44	0	1		
NC_063260.1	XP_048231113.1	0	59	1		
NC_063260.1	XP_015582399.1	22	0	1		
NC_063264.1	XP_002518119.2	43	0	1		
NC_063260.1	XP_002509692.1	0	67	1		
NC_063263.1	XP_002517555.1	0	105	1		
NC_063259.1	XP_002513343.2	21	0	1		
NC_063256.1	XP_015578985.1	5	0	1		
NC_063260.1	XP_002509623.2	0	65	1		
NC_063260.1	XP_002519903.3	24	0	1		
NC_063262.1	XP_015572217.1	37	0	1		
NC_063259.1	XP_048228915.1	18	0	1		
NC_063260.1	XP_002509590.1	23	0	1		
NC_063258.1	XP_015583422.2	13	0	1		
NC_063257.1	XP_002520274.1	9	30	2		
NC_063263.1	XP_002517550.2	41	0	1		
NC_063260.1	XP_002529790.1	0	60	1		
NC_063265.1	XP_002519417.1	47	0	1		
NC_063265.1	XP_002517301.1	46	0	1		
NC_063262.1	XP_015572137.3	0	100	1		
NC_063260.1	XP_015579069.2	25	0	1		
NC_063256.1	XP_048226361.1	4	0	1		
NC_063257.1	XP_015579054.1	10	0	1		
NC_063264.1	XP_015580950.2	42	0	1		
NC_063260.1	XP_002532974.2	25	0	1		
NC_063262.1	XP_002523596.1	0	92	1		
NC_063256.1	XP_002529095.3	0	14	1		
NC_063265.1	XP_015580530.1	48	0	1		
NC_063264.1	XP_002518134.2	43	0	1		
NC_063265.1	XP_048235772.1	0	130	1		
NC_063257.1	XP_002513784.1	0	28	1		
NC_063259.1	XP_025013862.2	16	0	1		
NC_063256.1	XP_048226434.1	0	13	1		
NC_063256.1	XP_025015249.2	2	0	1		
NC_063259.1	XP_002523155.2	16	0	1		
NC_063261.1	XP_048231909.1	30	0	1		
NC_063264.1	XP_015580942.2	0	120	1		
NC_063260.1	XP_002509645.2	0	66	1		
NC_063260.1	XP_048230118.1	23	64	2		
NC_063260.1	XP_002509972.3	0	69	1		
NC_063263.1	NP_001310684.1	38	0	1		
NC_063256.1	XP_025015778.2	5	0	1		
NC_063263.1	XP_002529184.2	0	103	1		
NC_063265.1	XP_015581465.2	0	136	1		
NC_063261.1	XP_015574421.1	32	0	1		
NC_063264.1	XP_048234791.1	45	0	1		
NC_063264.1	XP_015577127.3	44	0	1		
NC_063261.1	XP_048231324.1	0	87	1		
NC_063256.1	XP_002529819.1	4	0	1		
NC_063259.1	XP_048229403.1	16	0	1		
NC_063258.1	XP_002515366.1	15	0	1		
NC_063261.1	XP_015578880.2	31	0	1		
NC_063260.1	XP_002526969.2	26	0	1		
NC_063264.1	XP_002534246.2	0	124	1		
NC_063257.1	XP_002513906.1	0	26	1		
NC_063260.1	XP_015574980.2	23	0	1		
NC_063261.1	XP_002525828.2	31	0	1		
NC_063265.1	XP_048226121.1	47	0	1		
NC_063256.1	XP_048233016.1	4	0	1		
NC_063262.1	XP_048232872.1	34	95	2		
NC_063264.1	XP_048234773.1	44	0	1		
NC_063262.1	XP_002531675.1	33	0	1		
NC_063260.1	XP_002509558.1	0	63	1		
NC_063265.1	XP_002528581.1	48	0	1		
NC_063257.1	XP_002526162.1	10	0	1		
NC_063257.1	XP_002510669.2	6	21	2		
NC_063264.1	XP_002518128.1	43	0	1		
NC_063259.1	XP_002513453.2	20	0	1		
NC_063256.1	XP_015581236.2	4	0	1		
NC_063265.1	XP_048236056.1	46	0	1		
NC_063256.1	XP_002529825.2	4	0	1		
NC_063259.1	XP_002523151.2	16	0	1		
NC_063261.1	XP_002525850.2	31	0	1		
NC_063259.1	XP_048228810.1	16	0	1		
NC_063261.1	XP_002524989.1	0	88	1		
NC_063258.1	XP_002533434.2	13	0	1		
NC_063262.1	XP_048232535.1	0	93	1		
NC_063265.1	XP_048236337.1	46	0	1		
NC_063259.1	XP_015571083.2	20	0	1		
NC_063257.1	XP_015577433.3	12	0	1		
NC_063256.1	XP_015577290.2	5	0	1		
NC_063263.1	XP_002513007.1	39	0	1		
NC_063257.1	XP_048226724.1	7	0	1		
NC_063260.1	XP_002522586.1	0	62	1		
NC_063257.1	XP_015571561.1	0	28	1		
NC_063264.1	XP_002529309.2	42	0	1		
NC_063261.1	XP_002526797.1	0	87	1		
NC_063256.1	XP_015584355.2	1	0	1		
NC_063257.1	XP_002521746.1	11	0	1		
NC_063258.1	XP_048228063.1	13	0	1		
NC_063263.1	XP_048234005.1	39	0	1		
NC_063261.1	XP_048232007.1	27	0	1		
NC_063256.1	XP_002511814.2	1	0	1		
NC_063261.1	XP_002527935.1	0	79	1		
NC_063257.1	XP_002513913.2	0	25	1		
NC_063265.1	XP_048235861.1	47	0	1		
NC_063256.1	XP_048226408.1	5	0	1		
NC_063256.1	XP_015584351.2	1	0	1		
NC_063256.1	XP_048232259.1	2	0	1		
NC_063257.1	XP_002513765.1	0	29	1		
NC_063265.1	XP_002519442.3	47	0	1		
